{"test_dmap_init": [[16.808652046684813, 16.248456731316587, 15.72308292331602, 15.235384061671343, 14.788294228055936, 14.384776310850235, 14.027756377319946, 13.72004514666935, 13.464249196572979, 13.262676501632068, 13.11724276862369, 13.029386365926403, 13.0, 13.029386365926403, 13.11724276862369, 13.262676501632068, 13.464249196572979, 13.72004514666935, 14.027756377319946, 14.384776310850235, 14.788294228055936, 15.235384061671343, 15.72308292331602, 16.248456731316587, 16.808652046684813], [16.0, 15.4164878389476, 14.867962264113206, 14.35755975068582, 13.888543819998318, 13.464249196572979, 13.08800749063506, 12.763054614240211, 12.492422502470642, 12.278820596099706, 12.124515496597098, 12.031219541881399, 12.0, 12.031219541881399, 12.124515496597098, 12.278820596099706, 12.492422502470642, 12.763054614240211, 13.08800749063506, 13.464249196572979, 13.888543819998318, 14.35755975068582, 14.867962264113206, 15.4164878389476, 16.0], [15.209372712298546, 14.601075237738275, 14.027756377319946, 13.4928556845359, 13.0, 12.552945357246848, 12.15549442140351, 11.811388300841896, 11.524174696260024, 11.297058540778355, 11.132745950421556, 11.033296378372908, 11.0, 11.033296378372908, 11.132745950421556, 11.297058540778355, 11.524174696260024, 11.811388300841896, 12.15549442140351, 12.552945357246848, 13.0, 13.4928556845359, 14.027756377319946, 14.601075237738275, 15.209372712298546], [14.439088914585774, 13.804493814764857, 13.204650534085253, 12.643316977093239, 12.124515496597098, 11.652475842498529, 11.231546211727817, 10.866068747318506, 10.560219778561036, 10.317821063276353, 10.142135623730951, 10.035668847618199, 10.0, 10.035668847618199, 10.142135623730951, 10.317821063276353, 10.560219778561036, 10.866068747318506, 11.231546211727817, 11.652475842498529, 12.124515496597098, 12.643316977093239, 13.204650534085253, 13.804493814764857, 14.439088914585774], [13.691806012954132, 13.029386365926403, 12.401219466856727, 11.811388300841896, 11.264337522473747, 10.7648230602334, 10.317821063276353, 9.92838827718412, 9.601470508735444, 9.341664064126334, 9.152946437965905, 9.038404810405298, 9.0, 9.038404810405298, 9.152946437965905, 9.341664064126334, 9.601470508735444, 9.92838827718412, 10.317821063276353, 10.7648230602334, 11.264337522473747, 11.811388300841896, 12.401219466856727, 13.029386365926403, 13.691806012954132], [12.970562748477139, 12.278820596099706, 11.620499351813308, 11.0, 10.422205101855956, 9.892443989449804, 9.416407864998739, 9.0, 8.649110640673518, 8.36931687685298, 8.165525060596439, 8.041594578792296, 8.0, 8.041594578792296, 8.165525060596439, 8.36931687685298, 8.649110640673518, 9.0, 9.416407864998739, 9.892443989449804, 10.422205101855956, 11.0, 11.620499351813308, 12.278820596099706, 12.970562748477139], [12.278820596099706, 11.556349186104045, 10.866068747318506, 10.212670403551895, 9.601470508735444, 9.038404810405298, 8.529964086141668, 8.083045973594572, 7.704699910719626, 7.401754250991379, 7.180339887498949, 7.045361017187261, 7.0, 7.045361017187261, 7.180339887498949, 7.401754250991379, 7.704699910719626, 8.083045973594572, 8.529964086141668, 9.038404810405298, 9.601470508735444, 10.212670403551895, 10.866068747318506, 11.556349186104045, 12.278820596099706], [11.620499351813308, 10.866068747318506, 10.142135623730951, 9.45362404707371, 8.806248474865697, 8.206555615733702, 7.6619037896906015, 7.180339887498949, 6.7703296142690075, 6.440306508910551, 6.198039027185569, 6.04987562112089, 6.0, 6.04987562112089, 6.198039027185569, 6.440306508910551, 6.7703296142690075, 7.180339887498949, 7.6619037896906015, 8.206555615733702, 8.806248474865697, 9.45362404707371, 10.142135623730951, 10.866068747318506, 11.620499351813308], [11.0, 10.212670403551895, 9.45362404707371, 8.727922061357855, 8.041594578792296, 7.401754250991379, 6.816653826391969, 6.295630140987001, 5.848857801796104, 5.486832980505138, 5.219544457292887, 5.055385138137417, 5.0, 5.055385138137417, 5.219544457292887, 5.486832980505138, 5.848857801796104, 6.295630140987001, 6.816653826391969, 7.401754250991379, 8.041594578792296, 8.727922061357855, 9.45362404707371, 10.212670403551895, 11.0], [10.422205101855956, 9.601470508735444, 8.806248474865697, 8.041594578792296, 7.313708498984761, 6.63014581273465, 6.0, 5.433981132056603, 4.944271909999159, 4.54400374531753, 4.246211251235321, 4.062257748298549, 4.0, 4.062257748298549, 4.246211251235321, 4.54400374531753, 4.944271909999159, 5.433981132056603, 6.0, 6.63014581273465, 7.313708498984761, 8.041594578792296, 8.806248474865697, 9.601470508735444, 10.422205101855956], [9.892443989449804, 9.038404810405298, 8.206555615733702, 7.401754250991379, 6.63014581273465, 5.899494936611665, 5.219544457292887, 4.602325267042627, 4.062257748298549, 3.6157731058639087, 3.280109889280518, 3.0710678118654755, 3.0, 3.0710678118654755, 3.280109889280518, 3.6157731058639087, 4.062257748298549, 4.602325267042627, 5.219544457292887, 5.899494936611665, 6.63014581273465, 7.401754250991379, 8.206555615733702, 9.038404810405298, 9.892443989449804], [9.416407864998739, 8.529964086141668, 7.6619037896906015, 6.816653826391969, 6.0, 5.219544457292887, 4.4852813742385695, 3.810249675906654, 3.2111025509279782, 2.7082039324993694, 2.324555320336759, 2.0827625302982193, 2.0, 2.0827625302982193, 2.324555320336759, 2.7082039324993694, 3.2111025509279782, 3.810249675906654, 4.4852813742385695, 5.219544457292887, 6.0, 6.816653826391969, 7.6619037896906015, 8.529964086141668, 9.416407864998739], [9.0, 8.083045973594572, 7.180339887498949, 6.295630140987001, 5.433981132056603, 4.602325267042627, 3.810249675906654, 3.0710678118654755, 2.4031242374328485, 1.8309518948453007, 1.3851648071345037, 1.0990195135927845, 1.0, 1.0990195135927845, 1.3851648071345037, 1.8309518948453007, 2.4031242374328485, 3.0710678118654755, 3.810249675906654, 4.602325267042627, 5.433981132056603, 6.295630140987001, 7.180339887498949, 8.083045973594572, 9.0], [8.649110640673518, 7.704699910719626, 6.7703296142690075, 5.848857801796104, 4.944271909999159, 4.062257748298549, 3.2111025509279782, 2.4031242374328485, 1.6568542494923806, 1.0, 0.4721359549995796, 0.12310562561766059, 0.0, 0.12310562561766059, 0.4721359549995796, 1.0, 1.6568542494923806, 2.4031242374328485, 3.2111025509279782, 4.062257748298549, 4.944271909999159, 5.848857801796104, 6.7703296142690075, 7.704699910719626, 8.649110640673518], [8.36931687685298, 7.401754250991379, 6.440306508910551, 5.486832980505138, 4.54400374531753, 3.6157731058639087, 2.7082039324993694, 1.8309518948453007, 1.0, 0.24264068711928477, -0.3944487245360109, -0.8377223398316205, -1.0, -0.8377223398316205, -0.3944487245360109, 0.24264068711928477, 1.0, 1.8309518948453007, 2.7082039324993694, 3.6157731058639087, 4.54400374531753, 5.486832980505138, 6.440306508910551, 7.401754250991379, 8.36931687685298], [8.165525060596439, 7.180339887498949, 6.198039027185569, 5.219544457292887, 4.246211251235321, 3.280109889280518, 2.324555320336759, 1.3851648071345037, 0.4721359549995796, -0.3944487245360109, -1.1715728752538097, -1.7639320225002102, -2.0, -1.7639320225002102, -1.1715728752538097, -0.3944487245360109, 0.4721359549995796, 1.3851648071345037, 2.324555320336759, 3.280109889280518, 4.246211251235321, 5.219544457292887, 6.198039027185569, 7.180339887498949, 8.165525060596439], [8.041594578792296, 7.045361017187261, 6.04987562112089, 5.055385138137417, 4.062257748298549, 3.0710678118654755, 2.0827625302982193, 1.0990195135927845, 0.12310562561766059, -0.8377223398316205, -1.7639320225002102, -2.585786437626905, -3.0, -2.585786437626905, -1.7639320225002102, -0.8377223398316205, 0.12310562561766059, 1.0990195135927845, 2.0827625302982193, 3.0710678118654755, 4.062257748298549, 5.055385138137417, 6.04987562112089, 7.045361017187261, 8.041594578792296], [8.0, 7.0, 6.0, 5.0, 4.0, 3.0, 2.0, 1.0, 0.0, -1.0, -2.0, -3.0, -4.0, -3.0, -2.0, -1.0, 0.0, 1.0, 2.0, 3.0, 4.0, 5.0, 6.0, 7.0, 8.0], [8.041594578792296, 7.045361017187261, 6.04987562112089, 5.055385138137417, 4.062257748298549, 3.0710678118654755, 2.0827625302982193, 1.0990195135927845, 0.12310562561766059, -0.8377223398316205, -1.7639320225002102, -2.585786437626905, -3.0, -2.585786437626905, -1.7639320225002102, -0.8377223398316205, 0.12310562561766059, 1.0990195135927845, 2.0827625302982193, 3.0710678118654755, 4.062257748298549, 5.055385138137417, 6.04987562112089, 7.045361017187261, 8.041594578792296], [8.165525060596439, 7.180339887498949, 6.198039027185569, 5.219544457292887, 4.246211251235321, 3.280109889280518, 2.324555320336759, 1.3851648071345037, 0.4721359549995796, -0.3944487245360109, -1.1715728752538097, -1.7639320225002102, -2.0, -1.7639320225002102, -1.1715728752538097, -0.3944487245360109, 0.4721359549995796, 1.3851648071345037, 2.324555320336759, 3.280109889280518, 4.246211251235321, 5.219544457292887, 6.198039027185569, 7.180339887498949, 8.165525060596439], [8.36931687685298, 7.401754250991379, 6.440306508910551, 5.486832980505138, 4.54400374531753, 3.6157731058639087, 2.7082039324993694, 1.8309518948453007, 1.0, 0.24264068711928477, -0.3944487245360109, -0.8377223398316205, -1.0, -0.8377223398316205, -0.3944487245360109, 0.24264068711928477, 1.0, 1.8309518948453007, 2.7082039324993694, 3.6157731058639087, 4.54400374531753, 5.486832980505138, 6.440306508910551, 7.401754250991379, 8.36931687685298], [8.649110640673518, 7.704699910719626, 6.7703296142690075, 5.848857801796104, 4.944271909999159, 4.062257748298549, 3.2111025509279782, 2.4031242374328485, 1.6568542494923806, 1.0, 0.4721359549995796, 0.12310562561766059, 0.0, 0.12310562561766059, 0.4721359549995796, 1.0, 1.6568542494923806, 2.4031242374328485, 3.2111025509279782, 4.062257748298549, 4.944271909999159, 5.848857801796104, 6.7703296142690075, 7.704699910719626, 8.649110640673518], [9.0, 8.083045973594572, 7.180339887498949, 6.295630140987001, 5.433981132056603, 4.602325267042627, 3.810249675906654, 3.0710678118654755, 2.4031242374328485, 1.8309518948453007, 1.3851648071345037, 1.0990195135927845, 1.0, 1.0990195135927845, 1.3851648071345037, 1.8309518948453007, 2.4031242374328485, 3.0710678118654755, 3.810249675906654, 4.602325267042627, 5.433981132056603, 6.295630140987001, 7.180339887498949, 8.083045973594572, 9.0], [9.416407864998739, 8.529964086141668, 7.6619037896906015, 6.816653826391969, 6.0, 5.219544457292887, 4.4852813742385695, 3.810249675906654, 3.2111025509279782, 2.7082039324993694, 2.324555320336759, 2.0827625302982193, 2.0, 2.0827625302982193, 2.324555320336759, 2.7082039324993694, 3.2111025509279782, 3.810249675906654, 4.4852813742385695, 5.219544457292887, 6.0, 6.816653826391969, 7.6619037896906015, 8.529964086141668, 9.416407864998739], [9.892443989449804, 9.038404810405298, 8.206555615733702, 7.401754250991379, 6.63014581273465, 5.899494936611665, 5.219544457292887, 4.602325267042627, 4.062257748298549, 3.6157731058639087, 3.280109889280518, 3.0710678118654755, 3.0, 3.0710678118654755, 3.280109889280518, 3.6157731058639087, 4.062257748298549, 4.602325267042627, 5.219544457292887, 5.899494936611665, 6.63014581273465, 7.401754250991379, 8.206555615733702, 9.038404810405298, 9.892443989449804], [10.422205101855956, 9.601470508735444, 8.806248474865697, 8.041594578792296, 7.313708498984761, 6.63014581273465, 6.0, 5.433981132056603, 4.944271909999159, 4.54400374531753, 4.246211251235321, 4.062257748298549, 4.0, 4.062257748298549, 4.246211251235321, 4.54400374531753, 4.944271909999159, 5.433981132056603, 6.0, 6.63014581273465, 7.313708498984761, 8.041594578792296, 8.806248474865697, 9.601470508735444, 10.422205101855956], [11.0, 10.212670403551895, 9.45362404707371, 8.727922061357855, 8.041594578792296, 7.401754250991379, 6.816653826391969, 6.295630140987001, 5.848857801796104, 5.486832980505138, 5.219544457292887, 5.055385138137417, 5.0, 5.055385138137417, 5.219544457292887, 5.486832980505138, 5.848857801796104, 6.295630140987001, 6.816653826391969, 7.401754250991379, 8.041594578792296, 8.727922061357855, 9.45362404707371, 10.212670403551895, 11.0], [11.620499351813308, 10.866068747318506, 10.142135623730951, 9.45362404707371, 8.806248474865697, 8.206555615733702, 7.6619037896906015, 7.180339887498949, 6.7703296142690075, 6.440306508910551, 6.198039027185569, 6.04987562112089, 6.0, 6.04987562112089, 6.198039027185569, 6.440306508910551, 6.7703296142690075, 7.180339887498949, 7.6619037896906015, 8.206555615733702, 8.806248474865697, 9.45362404707371, 10.142135623730951, 10.866068747318506, 11.620499351813308], [12.278820596099706, 11.556349186104045, 10.866068747318506, 10.212670403551895, 9.601470508735444, 9.038404810405298, 8.529964086141668, 8.083045973594572, 7.704699910719626, 7.401754250991379, 7.180339887498949, 7.045361017187261, 7.0, 7.045361017187261, 7.180339887498949, 7.401754250991379, 7.704699910719626, 8.083045973594572, 8.529964086141668, 9.038404810405298, 9.601470508735444, 10.212670403551895, 10.866068747318506, 11.556349186104045, 12.278820596099706], [12.970562748477139, 12.278820596099706, 11.620499351813308, 11.0, 10.422205101855956, 9.892443989449804, 9.416407864998739, 9.0, 8.649110640673518, 8.36931687685298, 8.165525060596439, 8.041594578792296, 8.0, 8.041594578792296, 8.165525060596439, 8.36931687685298, 8.649110640673518, 9.0, 9.416407864998739, 9.892443989449804, 10.422205101855956, 11.0, 11.620499351813308, 12.278820596099706, 12.970562748477139], [13.691806012954132, 13.029386365926403, 12.401219466856727, 11.811388300841896, 11.264337522473747, 10.7648230602334, 10.317821063276353, 9.92838827718412, 9.601470508735444, 9.341664064126334, 9.152946437965905, 9.038404810405298, 9.0, 9.038404810405298, 9.152946437965905, 9.341664064126334, 9.601470508735444, 9.92838827718412, 10.317821063276353, 10.7648230602334, 11.264337522473747, 11.811388300841896, 12.401219466856727, 13.029386365926403, 13.691806012954132], [14.439088914585774, 13.804493814764857, 13.204650534085253, 12.643316977093239, 12.124515496597098, 11.652475842498529, 11.231546211727817, 10.866068747318506, 10.560219778561036, 10.317821063276353, 10.142135623730951, 10.035668847618199, 10.0, 10.035668847618199, 10.142135623730951, 10.317821063276353, 10.560219778561036, 10.866068747318506, 11.231546211727817, 11.652475842498529, 12.124515496597098, 12.643316977093239, 13.204650534085253, 13.804493814764857, 14.439088914585774], [15.209372712298546, 14.601075237738275, 14.027756377319946, 13.4928556845359, 13.0, 12.552945357246848, 12.15549442140351, 11.811388300841896, 11.524174696260024, 11.297058540778355, 11.132745950421556, 11.033296378372908, 11.0, 11.033296378372908, 11.132745950421556, 11.297058540778355, 11.524174696260024, 11.811388300841896, 12.15549442140351, 12.552945357246848, 13.0, 13.4928556845359, 14.027756377319946, 14.601075237738275, 15.209372712298546], [16.0, 15.4164878389476, 14.867962264113206, 14.35755975068582, 13.888543819998318, 13.464249196572979, 13.08800749063506, 12.763054614240211, 12.492422502470642, 12.278820596099706, 12.124515496597098, 12.031219541881399, 12.0, 12.031219541881399, 12.124515496597098, 12.278820596099706, 12.492422502470642, 12.763054614240211, 13.08800749063506, 13.464249196572979, 13.888543819998318, 14.35755975068582, 14.867962264113206, 15.4164878389476, 16.0], [16.808652046684813, 16.248456731316587, 15.72308292331602, 15.235384061671343, 14.788294228055936, 14.384776310850235, 14.027756377319946, 13.72004514666935, 13.464249196572979, 13.262676501632068, 13.11724276862369, 13.029386365926403, 13.0, 13.029386365926403, 13.11724276862369, 13.262676501632068, 13.464249196572979, 13.72004514666935, 14.027756377319946, 14.384776310850235, 14.788294228055936, 15.235384061671343, 15.72308292331602, 16.248456731316587, 16.808652046684813]], "headCT": [[[-1.0240000486373901, -1.0240000486373901, -1.0219979286193848, -1.0240000486373901, -1.0240000486373901, -1.0240000486373901, -1.0240000486373901, -1.0240000486373901, -1.0240000486373901, -1.0240000486373901, -1.0240000486373901, -1.0240000486373901, -1.0240000486373901, -1.0240000486373901], [-1.0240000486373901, -1.0240000486373901, -1.0240000486373901, -1.0240000486373901, -1.0240000486373901, -1.0240000486373901, -1.0240000486373901, -1.0240000486373901, -1.0240000486373901, -1.0240000486373901, -1.0209970474243164, -1.0240000486373901, -1.0240000486373901, -1.0240000486373901], [-1.0240000486373901, -1.0240000486373901, -1.0240000486373901, -1.0240000486373901, -1.0240000486373901, -1.0240000486373901, -1.0240000486373901, -1.0240000486373901, -1.0240000486373901, -1.0240000486373901, -1.0240000486373901, -1.0240000486373901, -1.0189950466156006, -1.0240000486373901], [-1.0240000486373901, -1.0240000486373901, -1.0209970474243164, -1.0240000486373901, -1.0240000486373901, -1.0240000486373901, -1.0240000486373901, -1.0219979286193848, -1.0240000486373901, -1.0240000486373901, -1.0189950466156006, -1.0209970474243164, -1.0240000486373901, -1.0240000486373901], [-1.0240000486373901, -1.0240000486373901, -1.0240000486373901, -1.0240000486373901, -1.0240000486373901, -1.019995927810669, -1.0240000486373901, -1.0240000486373901, -1.0240000486373901, -1.0240000486373901, -1.0240000486373901, -1.0240000486373901, -1.0240000486373901, -1.0240000486373901], [-1.0240000486373901, -1.0240000486373901, -1.0219979286193848, -1.0240000486373901, -1.0240000486373901, -1.0240000486373901, -1.0240000486373901, -1.0240000486373901, -1.0240000486373901, -1.0240000486373901, -1.0240000486373901, -1.0240000486373901, -1.0240000486373901, -1.0240000486373901], [-1.0240000486373901, -1.0240000486373901, -1.0240000486373901, -1.0240000486373901, -1.0240000486373901, -1.0240000486373901, -1.0240000486373901, -1.0240000486373901, -1.0240000486373901, -1.0240000486373901, -1.0240000486373901, -1.0240000486373901, -1.0240000486373901, -1.0240000486373901], [-1.0240000486373901, -1.0240000486373901, -1.0240000486373901, -1.0240000486373901, -1.0240000486373901, -1.0240000486373901, -1.0240000486373901, -1.0240000486373901, -1.0240000486373901, -1.0240000486373901, -1.0240000486373901, -1.0219979286193848, -1.0240000486373901, -1.0240000486373901], [-1.0240000486373901, -1.0240000486373901, -1.0240000486373901, -1.0240000486373901, -1.0219979286193848, -1.0240000486373901, -1.0240000486373901, -1.0240000486373901, -1.0219979286193848, -1.0240000486373901, -1.0240000486373901, -1.0240000486373901, -1.0240000486373901, -1.0240000486373901], [-1.0240000486373901, -1.0240000486373901, -1.0240000486373901, -1.0240000486373901, -1.0240000486373901, -1.0240000486373901, -1.0240000486373901, -1.0240000486373901, -1.0240000486373901, -1.0240000486373901, -1.0240000486373901, -1.0219979286193848, -1.0240000486373901, -1.0240000486373901], [-1.0240000486373901, -1.0240000486373901, -1.0240000486373901, -1.0240000486373901, -1.0240000486373901, -1.0240000486373901, -1.0240000486373901, -1.0240000486373901, -1.0219979286193848, -1.0240000486373901, -1.0240000486373901, -1.0240000486373901, -1.0240000486373901, -1.0240000486373901], [-1.0240000486373901, -1.0240000486373901, -1.0240000486373901, -1.0240000486373901, -1.0240000486373901, -1.0240000486373901, -1.0240000486373901, -1.0240000486373901, -1.0240000486373901, -1.0240000486373901, -1.0219979286193848, -1.0240000486373901, -1.0240000486373901, -1.0240000486373901], [-1.0240000486373901, -1.0240000486373901, -1.0240000486373901, -1.0240000486373901, -1.0240000486373901, -1.0240000486373901, -1.0240000486373901, -1.0240000486373901, -1.0240000486373901, -1.0240000486373901, -1.0240000486373901, -1.0240000486373901, -1.0240000486373901, -1.0240000486373901], [-1.0240000486373901, -1.0240000486373901, -1.0240000486373901, -1.0240000486373901, -1.0240000486373901, -1.0240000486373901, -1.0240000486373901, -1.0240000486373901, -1.0240000486373901, -1.0240000486373901, -1.0240000486373901, -1.0240000486373901, -1.0240000486373901, -1.0240000486373901], [-1.0240000486373901, -1.0240000486373901, -1.0240000486373901, -1.0240000486373901, -1.0240000486373901, -1.0240000486373901, -1.0240000486373901, -1.0240000486373901, -1.0240000486373901, -1.0240000486373901, -1.0240000486373901, -1.0240000486373901, -1.0219979286193848, -1.0240000486373901], [-1.0240000486373901, -1.0240000486373901, -1.0240000486373901, -1.0240000486373901, -1.0240000486373901, -1.0240000486373901, -1.0240000486373901, -1.0240000486373901, -1.0240000486373901, -1.0240000486373901, -1.0240000486373901, -1.0240000486373901, -1.0240000486373901, -1.0240000486373901], [-1.0240000486373901, -1.0240000486373901, -1.0240000486373901, -1.0240000486373901, -1.0240000486373901, -1.0240000486373901, -1.0240000486373901, -1.0240000486373901, -1.0009770393371582, -1.0209970474243164, -1.0240000486373901, -1.0240000486373901, -1.0240000486373901, -1.0240000486373901], [-1.0240000486373901, -1.0240000486373901, -1.0240000486373901, -1.0240000486373901, -1.0240000486373901, -1.0240000486373901, -1.0240000486373901, -1.0119879245758057, -0.9369129538536072, -1.0240000486373901, -1.0240000486373901, -1.0240000486373901, -1.0240000486373901, -1.0240000486373901], [-1.0240000486373901, -1.0240000486373901, -1.0240000486373901, -1.0240000486373901, -1.0240000486373901, -1.0240000486373901, -1.0240000486373901, -0.9599359631538391, -0.9839600324630737, -1.0240000486373901, -1.0219979286193848, -1.019995927810669, -1.0240000486373901, -1.0240000486373901], [-1.0240000486373901, -1.0240000486373901, -1.0240000486373901, -1.0240000486373901, -1.0240000486373901, -1.0240000486373901, -1.0240000486373901, -0.8268029689788818, -1.0189950466156006, -1.0240000486373901, -1.0240000486373901, -1.0179940462112427, -1.0209970474243164, -1.0240000486373901], [-1.0240000486373901, -1.0240000486373901, -1.0240000486373901, -1.0240000486373901, -1.0240000486373901, -1.0240000486373901, -1.0240000486373901, -0.7176939845085144, -1.019995927810669, -1.0240000486373901, -1.0209970474243164, -1.019995927810669, -1.0240000486373901, -1.0240000486373901], [-1.0240000486373901, -1.0240000486373901, -1.0240000486373901, -1.0240000486373901, -1.019995927810669, -1.0240000486373901, -1.0240000486373901, -0.6155920028686523, -1.0219979286193848, -1.0240000486373901, -1.0240000486373901, -1.0240000486373901, -1.0209970474243164, -1.0179940462112427], [-1.0240000486373901, -1.0240000486373901, -1.0240000486373901, -1.0240000486373901, -1.0240000486373901, -1.0219979286193848, -1.0240000486373901, -0.7086849808692932, -1.0099860429763794, -1.0219979286193848, -1.0240000486373901, -1.0189950466156006, -1.0240000486373901, -1.0240000486373901], [-1.0240000486373901, -1.0240000486373901, -1.0240000486373901, -1.0240000486373901, -1.0240000486373901, -1.0240000486373901, -1.0240000486373901, -0.6205970048904419, -0.9799559712409973, -1.0240000486373901, -1.0209970474243164, -1.0219979286193848, -1.0179940462112427, -1.019995927810669], [-1.0240000486373901, -1.0240000486373901, -1.0240000486373901, -1.0240000486373901, -0.9969730377197266, -0.7657419443130493, -1.0179940462112427, -0.4644409716129303, -1.0129890441894531, -1.0240000486373901, -1.0219979286193848, -1.019995927810669, -1.0240000486373901, -1.0240000486373901], [-1.0240000486373901, -1.0240000486373901, -1.0240000486373901, -1.0240000486373901, -1.0209970474243164, -1.0079840421676636, -1.0119879245758057, -0.5164929628372192, -1.0240000486373901, -1.0240000486373901, -1.0240000486373901, -1.0159920454025269, -1.0240000486373901, -1.0240000486373901], [-1.0240000486373901, -1.0240000486373901, -1.0240000486373901, -1.0240000486373901, -1.0209970474243164, -1.013990044593811, -0.7477239966392517, -1.0039799213409424, -1.0240000486373901, -1.0189950466156006, -1.0240000486373901, -1.019995927810669, -1.0240000486373901, -1.0219979286193848], [-1.0240000486373901, -1.0240000486373901, -1.0240000486373901, -1.0240000486373901, -1.0169929265975952, -0.9449210166931152, -0.9188950061798096, -1.013990044593811, -1.0209970474243164, -1.0240000486373901, -1.0240000486373901, -1.0240000486373901, -1.0240000486373901, -1.0169929265975952], [-1.0240000486373901, -1.0240000486373901, -1.0240000486373901, -1.0240000486373901, -1.0219979286193848, -0.7046810388565063, -1.0179940462112427, -0.9899659752845764, -1.0240000486373901, -1.0179940462112427, -1.0159920454025269, -1.0240000486373901, -1.019995927810669, -1.0240000486373901], [-1.0240000486373901, -1.0240000486373901, -1.0240000486373901, -1.0240000486373901, -1.0240000486373901, -1.0089850425720215, -1.0240000486373901, -0.5785549879074097, -1.019995927810669, -1.0240000486373901, -1.0169929265975952, -1.0209970474243164, -1.0240000486373901, -1.0240000486373901], [-1.0240000486373901, -1.0240000486373901, -1.0240000486373901, -1.0240000486373901, -1.0240000486373901, -1.0240000486373901, -1.0079840421676636, -1.0179940462112427, -1.0049810409545898, -1.0240000486373901, -1.0189950466156006, -1.0179940462112427, -1.0240000486373901, -1.0179940462112427], [-1.0240000486373901, -1.0240000486373901, -1.0240000486373901, -1.0240000486373901, -1.0240000486373901, -1.0240000486373901, -0.8368129730224609, -1.0189950466156006, -0.7877639532089233, -1.0209970474243164, -1.0240000486373901, -1.0189950466156006, -1.0240000486373901, -1.0240000486373901], [-1.0240000486373901, -1.0240000486373901, -1.0240000486373901, -1.0240000486373901, -1.0240000486373901, -1.0219979286193848, -0.9018779993057251, -1.0219979286193848, -0.8328089714050293, -1.019995927810669, -1.0179940462112427, -1.0240000486373901, -1.0240000486373901, -1.019995927810669], [-1.0240000486373901, -1.0240000486373901, -1.0240000486373901, -1.0240000486373901, -1.0159920454025269, -1.0240000486373901, -1.0189950466156006, -1.0240000486373901, -0.9949710369110107, -0.9979739785194397, -1.0219979286193848, -1.0189950466156006, -1.0240000486373901, -1.0240000486373901], [-1.0240000486373901, -1.0240000486373901, -1.0240000486373901, -1.0240000486373901, -1.0219979286193848, -1.019995927810669, -1.013990044593811, -0.6426190137863159, -0.9689450263977051, -1.0240000486373901, -1.0240000486373901, -1.0209970474243164, -1.0240000486373901, -1.0240000486373901], [-1.0240000486373901, -1.0240000486373901, -1.0240000486373901, -1.0240000486373901, -1.0169929265975952, -1.0240000486373901, -1.014991044998169, -0.9739500284194946, -1.0079840421676636, -0.9789550304412842, -1.0219979286193848, -1.019995927810669, -1.0189950466156006, -1.0240000486373901], [-1.0240000486373901, -1.0240000486373901, -1.0240000486373901, -1.0240000486373901, -1.0219979286193848, -0.958935022354126, -0.9689450263977051, -1.013990044593811, -0.7437199950218201, -0.5785549879074097, -0.9419179558753967, -1.0240000486373901, -1.0039799213409424, -1.0240000486373901], [-1.0240000486373901, -1.0240000486373901, -1.0240000486373901, -1.0240000486373901, -1.0179940462112427, -0.9639400243759155, -0.7457219958305359, -0.924901008605957, -0.9559320211410522, -0.9599359631538391, -0.6546309590339661, -1.0049810409545898, -0.9058820009231567, -1.0179940462112427], [-1.0240000486373901, -1.0240000486373901, -1.0240000486373901, -1.0240000486373901, -1.0240000486373901, -1.0169929265975952, -0.9839600324630737, -0.7457219958305359, -0.9689450263977051, -0.6406169533729553, -0.7787550091743469, -0.588564932346344, -0.8718480467796326, -0.7287049293518066], [-1.0240000486373901, -1.0240000486373901, -0.7537299990653992, -0.9869630336761475, -0.9309070110321045, -0.8448209762573242, -1.0240000486373901, -1.0099860429763794, -0.7747509479522705, -0.9409170150756836, -0.7317079901695251, -0.6956719756126404, -0.4764530062675476, -0.9949710369110107], [-1.0240000486373901, -1.0189950466156006, -0.8027790188789368, -1.014991044998169, -1.0240000486373901, -1.013990044593811, -0.586562991142273, -0.991968035697937, -1.0189950466156006, -0.6876639127731323, -0.574550986289978, -0.9198960065841675, -0.5695460438728333, -1.0109870433807373], [-1.0240000486373901, -1.0240000486373901, -1.002979040145874, -1.0240000486373901, -0.8448209762573242, -1.0079840421676636, -1.0209970474243164, -0.5985749363899231, -0.8638399839401245, -1.0119879245758057, -0.8898659944534302, -0.6135899424552917, -0.6356119513511658, -0.6366129517555237], [-1.0240000486373901, -1.0240000486373901, -1.0240000486373901, -1.0240000486373901, -1.0240000486373901, -0.7427189946174622, -0.8408170342445374, -1.0019780397415161, -0.9579340219497681, -0.6326090097427368, -0.8237999677658081, -0.6766529679298401, -0.4724489748477936, -0.7437199950218201], [-1.0240000486373901, -1.0240000486373901, -1.0240000486373901, -1.0240000486373901, -1.0240000486373901, -1.0179940462112427, -0.9339099526405334, -0.7817580103874207, -0.6115880012512207, -0.7677440047264099, -0.8237999677658081, -0.9329090118408203, -0.5144909620285034, -0.8778539896011353], [-1.0240000486373901, -1.0240000486373901, -1.0240000486373901, -1.0240000486373901, -1.0240000486373901, -1.0240000486373901, -0.7026789784431458, -0.9519279599189758, -0.6956719756126404, -1.0019780397415161, -0.9409170150756836, -1.0209970474243164, -0.8908669948577881, -0.8648409843444824], [-1.0240000486373901, -1.0240000486373901, -1.0209970474243164, -1.0209970474243164, -0.9439199566841125, -0.6396159529685974, -0.5204969644546509, -0.8838599920272827, -1.0240000486373901, -0.9709470272064209, -0.8157919645309448, -0.9819580316543579, -0.8197960257530212, -0.9529290199279785], [-0.9469229578971863, -1.019995927810669, -1.0179940462112427, -0.9699459671974182, -0.6596359610557556, -0.5685449838638306, -0.8998759984970093, -1.0240000486373901, -0.9999760389328003, -1.0240000486373901, -1.0179940462112427, -0.4364129602909088, -0.7917680144309998, -0.8538299798965454], [-0.8248010277748108, -0.891867995262146, -0.8167929649353027, -0.8007769584655762, -1.0129890441894531, -0.9499260187149048, -1.0240000486373901, -1.0240000486373901, -1.0219979286193848, -0.8938699960708618, -0.5795559883117676, -0.3373139500617981, -0.019996948540210724, 0.016039062291383743], [-0.8958719968795776, -0.655631959438324, -1.0099860429763794, -1.013990044593811, -1.0129890441894531, -0.958935022354126, -0.36333996057510376, -0.05503198131918907, -0.004981933627277613, -0.22820495069026947, -0.7607370018959045, -0.8858619928359985, -0.9839600324630737, -1.0119879245758057], [-0.8388149738311768, -1.0119879245758057, -0.7457219958305359, -0.025001952424645424, 0.027050048112869263, -0.23521196842193604, -0.6015779972076416, -0.9869630336761475, -1.019995927810669, -1.0169929265975952, -1.0209970474243164, -1.0240000486373901, -1.0209970474243164, -0.9969730377197266], [0.05107409507036209, 0.0010240478441119194, -0.41038694977760315, -0.7327089905738831, -1.0219979286193848, -1.0179940462112427, -1.0049810409545898, -1.014991044998169, -1.0129890441894531, -1.019995927810669, -1.0240000486373901, -1.0240000486373901, -1.0189950466156006, -1.0240000486373901], [-0.03701397776603699, -0.22620293498039246, -0.22019696235656738, -0.21118798851966858, -0.20117798447608948, -0.20017693936824799, -0.19016693532466888, -0.17214898765087128, -0.14512194693088531, -0.15212896466255188, -0.13811492919921875, -0.14512194693088531, -0.1431199312210083, -0.1351119428873062], [-0.9329090118408203, -0.9329090118408203, -0.924901008605957, -0.9329090118408203, -0.9289050102233887, -0.9439199566841125, -0.9419179558753967, -0.9569329619407654, -0.9499260187149048, -0.9569329619407654, -0.9579340219497681, -0.9699459671974182, -0.9629389643669128, -0.9469229578971863], [-0.9529290199279785, -0.9429190158843994, -0.9419179558753967, -0.9339099526405334, -0.9349110126495361, -0.9489249587059021, -0.9439199566841125, -0.947924017906189, -0.9469229578971863, -0.9559320211410522, -0.9469229578971863, -0.9409170150756836, -0.9439199566841125, -0.9188950061798096], [-0.9349110126495361, -0.9239000082015991, -0.9309070110321045, -0.9228990077972412, -0.9218980073928833, -0.935912013053894, -0.9128890037536621, -0.9259019494056702, -0.9158919453620911, -0.9148910045623779, -0.9289050102233887, -0.9188950061798096, -0.9239000082015991, -0.924901008605957], [-0.9098860025405884, -0.8998759984970093, -0.9088850021362305, -0.9098860025405884, -0.9148910045623779, -0.9198960065841675, -0.9098860025405884, -0.9198960065841675, -0.9239000082015991, -0.9158919453620911, -0.9228990077972412, -0.9259019494056702, -0.9208969473838806, -0.9178940057754517]], [[-1.0240000486373901, -1.0209970474243164, -1.0240000486373901, -1.0240000486373901, -1.0240000486373901, -1.0189950466156006, -1.0240000486373901, -1.0240000486373901, -1.0240000486373901, -1.0219979286193848, -1.0240000486373901, -1.0240000486373901, -1.0240000486373901, -1.0240000486373901], [-1.0240000486373901, -1.019995927810669, -1.0240000486373901, -1.0240000486373901, -1.0240000486373901, -1.0240000486373901, -1.0219979286193848, -1.0240000486373901, -1.0219979286193848, -1.0240000486373901, -1.0209970474243164, -1.0209970474243164, -1.0240000486373901, -1.0240000486373901], [-1.0240000486373901, -1.0240000486373901, -1.0240000486373901, -1.0240000486373901, -1.0240000486373901, -1.0240000486373901, -1.0240000486373901, -1.0240000486373901, -1.0240000486373901, -1.0240000486373901, -1.0240000486373901, -1.0209970474243164, -1.0240000486373901, -1.0240000486373901], [-1.0240000486373901, -1.0219979286193848, -1.0240000486373901, -1.0240000486373901, -1.0240000486373901, -1.0240000486373901, -1.0240000486373901, -1.0240000486373901, -1.0240000486373901, -1.0240000486373901, -1.0219979286193848, -1.0240000486373901, -1.0240000486373901, -1.0240000486373901], [-1.0240000486373901, -1.0240000486373901, -1.0219979286193848, -1.0240000486373901, -1.0240000486373901, -1.0240000486373901, -1.0240000486373901, -1.0240000486373901, -1.0240000486373901, -1.0209970474243164, -1.0219979286193848, -1.0240000486373901, -1.0219979286193848, -1.0240000486373901], [-1.0240000486373901, -1.0240000486373901, -1.0240000486373901, -1.0240000486373901, -1.0240000486373901, -1.0240000486373901, -1.0240000486373901, -1.0240000486373901, -1.0240000486373901, -1.0240000486373901, -1.0219979286193848, -1.0219979286193848, -1.019995927810669, -1.0240000486373901], [-1.0240000486373901, -1.0240000486373901, -1.0240000486373901, -1.0240000486373901, -1.0240000486373901, -1.0240000486373901, -1.0240000486373901, -1.0240000486373901, -1.0240000486373901, -1.0240000486373901, -1.0240000486373901, -1.0240000486373901, -1.0240000486373901, -1.0240000486373901], [-1.0240000486373901, -1.0240000486373901, -1.0240000486373901, -1.0240000486373901, -1.0240000486373901, -1.0209970474243164, -1.0240000486373901, -1.0240000486373901, -1.0219979286193848, -1.0240000486373901, -1.0240000486373901, -1.0240000486373901, -1.0219979286193848, -1.0240000486373901], [-1.0240000486373901, -1.0240000486373901, -1.0240000486373901, -1.0240000486373901, -1.0240000486373901, -1.0240000486373901, -1.0240000486373901, -1.0240000486373901, -1.0240000486373901, -1.0240000486373901, -1.0240000486373901, -1.0240000486373901, -1.0240000486373901, -1.0240000486373901], [-1.0240000486373901, -1.0240000486373901, -1.0240000486373901, -1.0240000486373901, -1.0240000486373901, -1.0219979286193848, -1.0240000486373901, -1.0240000486373901, -1.0240000486373901, -1.0240000486373901, -1.0240000486373901, -1.0240000486373901, -1.0240000486373901, -1.0240000486373901], [-1.0240000486373901, -1.0240000486373901, -1.0240000486373901, -1.0240000486373901, -1.0240000486373901, -1.0240000486373901, -1.0240000486373901, -1.0240000486373901, -1.0240000486373901, -1.0240000486373901, -1.0240000486373901, -1.0240000486373901, -1.0240000486373901, -1.0240000486373901], [-1.0240000486373901, -1.0240000486373901, -1.0240000486373901, -1.0240000486373901, -1.0240000486373901, -1.0240000486373901, -1.0240000486373901, -1.0240000486373901, -1.0240000486373901, -1.0240000486373901, -1.0240000486373901, -1.0240000486373901, -1.0240000486373901, -1.0240000486373901], [-1.0240000486373901, -1.0240000486373901, -1.0240000486373901, -1.0240000486373901, -1.0240000486373901, -1.0240000486373901, -1.0240000486373901, -1.0240000486373901, -1.0219979286193848, -1.0240000486373901, -1.0240000486373901, -1.0240000486373901, -1.0240000486373901, -1.0240000486373901], [-1.0240000486373901, -1.0240000486373901, -1.0240000486373901, -1.0240000486373901, -1.0240000486373901, -1.0240000486373901, -1.0240000486373901, -1.0209970474243164, -1.0219979286193848, -1.0209970474243164, -1.0240000486373901, -1.0240000486373901, -1.0240000486373901, -1.0240000486373901], [-1.0240000486373901, -1.0240000486373901, -1.0240000486373901, -1.0240000486373901, -1.0240000486373901, -1.0240000486373901, -1.0240000486373901, -1.0240000486373901, -1.0169929265975952, -1.0240000486373901, -1.0240000486373901, -1.0219979286193848, -1.0240000486373901, -1.0240000486373901], [-1.0240000486373901, -1.0240000486373901, -1.0240000486373901, -1.0240000486373901, -1.0240000486373901, -1.0240000486373901, -1.0240000486373901, -1.0240000486373901, -0.7377139925956726, -1.0240000486373901, -1.0240000486373901, -1.0219979286193848, -1.0240000486373901, -1.0240000486373901], [-1.0240000486373901, -1.0240000486373901, -1.0240000486373901, -1.0240000486373901, -1.0240000486373901, -1.0240000486373901, -1.0240000486373901, -0.9969730377197266, -0.5124890208244324, -1.0240000486373901, -1.0240000486373901, -1.0240000486373901, -1.0240000486373901, -1.0240000486373901], [-1.0240000486373901, -1.0240000486373901, -1.0240000486373901, -1.0240000486373901, -1.0240000486373901, -1.0240000486373901, -1.0240000486373901, -0.6986749768257141, -0.48846495151519775, -1.0240000486373901, -1.0240000486373901, -1.0240000486373901, -1.0240000486373901, -1.0240000486373901], [-1.0240000486373901, -1.0240000486373901, -1.0240000486373901, -1.0240000486373901, -1.0240000486373901, -1.0240000486373901, -1.0240000486373901, -0.7927689552307129, -0.8147910237312317, -1.0240000486373901, -1.0240000486373901, -1.0209970474243164, -1.0189950466156006, -1.0240000486373901], [-1.0240000486373901, -1.0240000486373901, -1.0240000486373901, -1.0240000486373901, -1.0240000486373901, -1.0240000486373901, -1.0240000486373901, -0.6256020069122314, -1.0089850425720215, -1.0209970474243164, -1.0240000486373901, -1.0219979286193848, -1.0240000486373901, -1.0219979286193848], [-1.0240000486373901, -1.0240000486373901, -1.0240000486373901, -1.0240000486373901, -1.0240000486373901, -1.0240000486373901, -1.0240000486373901, -0.8117879629135132, -1.0189950466156006, -1.0240000486373901, -1.0209970474243164, -1.0209970474243164, -1.0219979286193848, -1.0240000486373901], [-1.0240000486373901, -1.0240000486373901, -1.0240000486373901, -1.0240000486373901, -1.0240000486373901, -1.0240000486373901, -1.0240000486373901, -0.9469229578971863, -0.9789550304412842, -1.0240000486373901, -1.0209970474243164, -1.014991044998169, -1.0240000486373901, -1.0240000486373901], [-1.0240000486373901, -1.0240000486373901, -1.0240000486373901, -1.0240000486373901, -1.0059820413589478, -1.0240000486373901, -1.0240000486373901, -0.9939699769020081, -0.6286050081253052, -1.0240000486373901, -1.0209970474243164, -1.0219979286193848, -1.019995927810669, -1.0189950466156006], [-1.0240000486373901, -1.0240000486373901, -1.0240000486373901, -1.0240000486373901, -0.7287049293518066, -1.0240000486373901, -1.0240000486373901, -0.9239000082015991, -0.4814579486846924, -1.0119879245758057, -1.013990044593811, -1.013990044593811, -1.0240000486373901, -1.019995927810669], [-1.0240000486373901, -1.0240000486373901, -1.0240000486373901, -1.0240000486373901, -0.9008769989013672, -0.6276040077209473, -1.0129890441894531, -0.6215980052947998, -0.5505269765853882, -1.0209970474243164, -1.0240000486373901, -1.0119879245758057, -1.0240000486373901, -1.0240000486373901], [-1.0240000486373901, -1.0240000486373901, -1.0240000486373901, -1.0240000486373901, -0.7146909832954407, -1.0240000486373901, -1.002979040145874, -0.6115880012512207, -0.9329090118408203, -1.014991044998169, -1.0240000486373901, -1.0240000486373901, -1.0240000486373901, -1.0240000486373901], [-1.